1
2
3
5
6
7
9
10
11
13
14
15
17
18
19
21
22
23
25
26
27
29
30
31
33
34
35
37
38
39
41
42
43
45
46
47
49
50
51
53
54
55
57
58
59
61
62
63
66
67
69
70
71
73
74
75
77
78
79
82
83
85
86
87
89
90
91
93
94
95
98
99
101
102
103
105
106
107
109
110
111
114
115
117
118
119
121
122
123
125
126
127
129
131
133
134
135
137
138
139
141
142
143
145
147
149
150
151
153
154
155
157
158
159
161
163
165
166
167
169
170
171
173
174
175
177
179
181
182
183
185
186
187
189
190
191
193
194
197
198
199
201
202
203
205
206
207
209
210
213
214
215
217
218
219
221
222
223
225
226
229
230
231
233
234
235
237
238
239
241
242
245
246
247
249
250
251
253
254
255
258
259
262
263
266
267
270
271
274
275
278
279
282
283
286
287
290
291
294
295
298
299
302
303
306
307
310
311
314
315
318
319
322
323
326
327
330
331
334
335
338
339
342
343
346
347
350
351
354
355
358
359
362
363
366
367
370
371
374
375
378
379
382
383
386
387
391
394
395
398
399
402
403
407
410
411
414
415
418
419
423
426
427
430
431
434
435
439
442
443
446
447
450
451
454
458
459
462
463
466
467
470
474
475
478
479
482
483
486
490
491
494
495
498
499
502
506
507
510
511
513
515
517
519
521
523
525
527
529
531
533
535
537
539
541
543
545
547
549
551
553
555
557
559
561
563
565
567
569
571
573
575
577
579
581
583
587
589
591
593
595
597
599
603
605
607
609
611
613
615
619
621
623
625
627
629
631
635
637
639
641
643
645
647
649
651
653
655
657
659
661
663
665
667
669
671
673
675
677
679
681
683
685
687
689
691
693
695
697
699
701
703
705
707
709
711
713
717
719
721
723
725
727
729
733
735
737
739
741
743
745
749
751
753
755
757
759
761
765
767
769
770
773
774
777
778
781
782
785
786
789
790
793
794
797
798
801
802
805
806
809
810
813
814
817
818
821
822
825
826
829
830
833
834
837
838
841
842
846
849
850
853
854
857
858
862
865
866
869
870
873
874
878
881
882
885
886
889
890
894
897
898
901
902
905
906
909
913
914
917
918
921
922
925
929
930
933
934
937
938
941
945
946
949
950
953
954
957
961
962
965
966
969
970
973
974
977
978
981
982
985
986
989
990
993
994
997
998
1001
1002
1005
1006
1009
1010
1013
1014
1017
1018
1021
1022
1026
1027
1030
1031
1034
1035
1038
1039
1042
1043
1046
1047
1050
1051
1054
1055
1058
1059
1062
1063
1066
1067
1070
1071
1074
1075
1078
1079
1082
1083
1086
1087
1090
1091
1094
1095
1098
1099
1102
1103
1106
1107
1110
1111
1114
1115
1118
1119
1122
1123
1126
1127
1130
1131
1134
1135
1138
1139
1142
1143
1146
1147
1150
1151
1155
1158
1159
1162
1163
1166
1167
1171
1174
1175
1178
1179
1182
1183
1187
1190
1191
1194
1195
1198
1199
1203
1206
1207
1210
1211
1214
1215
1218
1222
1223
1226
1227
1230
1231
1234
1238
1239
1242
1243
1246
1247
1250
1254
1255
1258
1259
1262
1263
1266
1270
1271
1274
1275
1278
1279
1280
1282
1283
1286
1287
1288
1290
1291
1292
1294
1295
1296
1298
1299
1302
1303
1304
1306
1307
1308
1310
1311
1312
1314
1315
1318
1319
1320
1322
1323
1324
1326
1327
1328
1330
1331
1334
1335
1336
1338
1339
1340
1342
1343
1344
1346
1347
1348
1350
1351
1352
1354
1355
1356
1358
1359
1360
1362
1363
1364
1366
1367
1368
1370
1371
1372
1374
1375
1376
1378
1379
1380
1382
1383
1384
1386
1387
1388
1390
1391
1392
1394
1395
1396
1398
1399
1400
1402
1403
1404
1406
1407
1408
1410
1411
1412
1415
1416
1418
1419
1420
1422
1423
1424
1426
1427
1428
1431
1432
1434
1435
1436
1438
1439
1440
1442
1443
1444
1447
1448
1450
1451
1452
1454
1455
1456
1458
1459
1460
1463
1464
1466
1467
1468
1470
1471
1472
1474
1475
1476
1478
1480
1482
1483
1484
1486
1487
1488
1490
1491
1492
1494
1496
1498
1499
1500
1502
1503
1504
1506
1507
1508
1510
1512
1514
1515
1516
1518
1519
1520
1522
1523
1524
1526
1528
1530
1531
1532
1534
1535
1536
1539
1540
1543
1547
1548
1551
1552
1555
1556
1559
1563
1564
1567
1568
1571
1572
1575
1579
1580
1583
1584
1587
1588
1591
1595
1596
1599
1600
1603
1604
1607
1608
1611
1612
1615
1616
1619
1620
1623
1624
1627
1628
1631
1632
1635
1636
1639
1640
1643
1644
1647
1648
1651
1652
1655
1656
1659
1660
1663
1664
1667
1668
1671
1672
1675
1676
1679
1680
1683
1684
1687
1688
1691
1692
1695
1696
1699
1700
1703
1704
1707
1708
1711
1712
1715
1716
1719
1720
1723
1724
1727
1728
1731
1732
1735
1736
1740
1743
1744
1747
1748
1751
1752
1756
1759
1760
1763
1764
1767
1768
1772
1775
1776
1779
1780
1783
1784
1788
1791
1792
1794
1796
1798
1800
1802
1806
1808
1810
1812
1814
1816
1818
1822
1824
1826
1828
1830
1832
1834
1838
1840
1842
1844
1846
1848
1850
1854
1856
1858
1860
1862
1864
1866
1868
1870
1872
1874
1876
1878
1880
1882
1884
1886
1888
1890
1892
1894
1896
1898
1900
1902
1904
1906
1908
1910
1912
1914
1916
1918
1920
1922
1924
1926
1928
1930
1932
1936
1938
1940
1942
1944
1946
1948
1952
1954
1956
1958
1960
1962
1964
1968
1970
1972
1974
1976
1978
1980
1984
1986
1988
1990
1992
1994
1996
1998
2000
2002
2004
2006
2008
2010
2012
2014
2016
2018
2020
2022
2024
2026
2028
2030
2032
2034
2036
2038
2040
2042
2044
2046
2049
2051
2053
2055
2057
2059
2061
2063
2065
2067
2069
2071
2073
2075
2077
2079
2081
2083
2085
2087
2089
2091
2093
2095
2097
2099
2101
2103
2105
2107
2109
2111
2115
2117
2119
2121
2123
2125
2127
2131
2133
2135
2137
2139
2141
2143
2147
2149
2151
2153
2155
2157
2159
2163
2165
2167
2169
2171
2173
2175
2177
2179
2181
2183
2185
2187
2189
2191
2193
2195
2197
2199
2201
2203
2205
2207
2209
2211
2213
2215
2217
2219
2221
2223
2225
2227
2229
2231
2233
2235
2237
2239
2241
2245
2247
2249
2251
2253
2255
2257
2261
2263
2265
2267
2269
2271
2273
2277
2279
2281
2283
2285
2287
2289
2293
2295
2297
2299
2301
2303
2304
2307
2311
2312
2315
2316
2319
2320
2323
2327
2328
2331
2332
2335
2336
2339
2343
2344
2347
2348
2351
2352
2355
2359
2360
2363
2364
2367
2368
2371
2372
2375
2376
2379
2380
2383
2384
2387
2388
2391
2392
2395
2396
2399
2400
2403
2404
2407
2408
2411
2412
2415
2416
2419
2420
2423
2424
2427
2428
2431
2432
2435
2436
2439
2440
2443
2444
2447
2448
2451
2452
2455
2456
2459
2460
2463
2464
2467
2468
2471
2472
2475
2476
2479
2480
2483
2484
2487
2488
2491
2492
2495
2496
2499
2500
2504
2507
2508
2511
2512
2515
2516
2520
2523
2524
2527
2528
2531
2532
2536
2539
2540
2543
2544
2547
2548
2552
2555
2556
2559
2560
2561
2563
2564
2565
2567
2569
2571
2572
2573
2575
2576
2577
2579
2580
2581
2583
2585
2587
2588
2589
2591
2592
2593
2595
2596
2597
2599
2601
2603
2604
2605
2607
2608
2609
2611
2612
2613
2615
2617
2619
2620
2621
2623
2624
2625
2627
2628
2629
2631
2632
2635
2636
2637
2639
2640
2641
2643
2644
2645
2647
2648
2651
2652
2653
2655
2656
2657
2659
2660
2661
2663
2664
2667
2668
2669
2671
2672
2673
2675
2676
2677
2679
2680
2683
2684
2685
2687
2688
2689
2691
2692
2693
2695
2696
2697
2699
2700
2701
2703
2704
2705
2707
2708
2709
2711
2712
2713
2715
2716
2717
2719
2720
2721
2723
2724
2725
2727
2728
2729
2731
2732
2733
2735
2736
2737
2739
2740
2741
2743
2744
2745
2747
2748
2749
2751
2752
2753
2755
2756
2757
2759
2760
2761
2764
2765
2767
2768
2769
2771
2772
2773
2775
2776
2777
2780
2781
2783
2784
2785
2787
2788
2789
2791
2792
2793
2796
2797
2799
2800
2801
2803
2804
2805
2807
2808
2809
2812
2813
2815
2816
2817
2820
2821
2824
2825
2829
2832
2833
2836
2837
2840
2841
2845
2848
2849
2852
2853
2856
2857
2861
2864
2865
2868
2869
2872
2873
2877
2880
2881
2884
2885
2888
2889
2892
2896
2897
2900
2901
2904
2905
2908
2912
2913
2916
2917
2920
2921
2924
2928
2929
2932
2933
2936
2937
2940
2944
2945
2948
2949
2952
2953
2956
2957
2960
2961
2964
2965
2968
2969
2972
2973
2976
2977
2980
2981
2984
2985
2988
2989
2992
2993
2996
2997
3000
3001
3004
3005
3008
3009
3012
3013
3016
3017
3020
3021
3024
3025
3028
3029
3032
3033
3036
3037
3040
3041
3044
3045
3048
3049
3052
3053
3056
3057
3060
3061
3064
3065
3068
3069
3073
3074
3077
3078
3081
3082
3085
3086
3089
3090
3093
3094
3097
3098
3101
3102
3105
3106
3109
3110
3113
3114
3117
3118
3121
3122
3125
3126
3129
3130
3133
3134
3138
3141
3142
3145
3146
3149
3150
3154
3157
3158
3161
3162
3165
3166
3170
3173
3174
3177
3178
3181
3182
3186
3189
3190
3193
3194
3197
3198
3201
3205
3206
3209
3210
3213
3214
3217
3221
3222
3225
3226
3229
3230
3233
3237
3238
3241
3242
3245
3246
3249
3253
3254
3257
3258
3261
3262
3265
3266
3269
3270
3273
3274
3277
3278
3281
3282
3285
3286
3289
3290
3293
3294
3297
3298
3301
3302
3305
3306
3309
3310
3313
3314
3317
3318
3321
3322
3325
3326
3328
3330
3334
3336
3338
3340
3342
3344
3346
3350
3352
3354
3356
3358
3360
3362
3366
3368
3370
3372
3374
3376
3378
3382
3384
3386
3388
3390
3392
3394
3396
3398
3400
3402
3404
3406
3408
3410
3412
3414
3416
3418
3420
3422
3424
3426
3428
3430
3432
3434
3436
3438
3440
3442
3444
3446
3448
3450
3452
3454
3456
3458
3460
3464
3466
3468
3470
3472
3474
3476
3480
3482
3484
3486
3488
3490
3492
3496
3498
3500
3502
3504
3506
3508
3512
3514
3516
3518
3520
3522
3524
3526
3528
3530
3532
3534
3536
3538
3540
3542
3544
3546
3548
3550
3552
3554
3556
3558
3560
3562
3564
3566
3568
3570
3572
3574
3576
3578
3580
3582
3584
3585
3588
3589
3593
3596
3597
3600
3601
3604
3605
3609
3612
3613
3616
3617
3620
3621
3625
3628
3629
3632
3633
3636
3637
3641
3644
3645
3648
3649
3652
3653
3656
3660
3661
3664
3665
3668
3669
3672
3676
3677
3680
3681
3684
3685
3688
3692
3693
3696
3697
3700
3701
3704
3708
3709
3712
3713
3716
3717
3720
3721
3724
3725
3728
3729
3732
3733
3736
3737
3740
3741
3744
3745
3748
3749
3752
3753
3756
3757
3760
3761
3764
3765
3768
3769
3772
3773
3776
3777
3780
3781
3784
3785
3788
3789
3792
3793
3796
3797
3800
3801
3804
3805
3808
3809
3812
3813
3816
3817
3820
3821
3824
3825
3828
3829
3832
3833
3836
3837
3840
3841
3842
3844
3845
3846
3848
3849
3850
3853
3854
3856
3857
3858
3860
3861
3862
3864
3865
3866
3869
3870
3872
3873
3874
3876
3877
3878
3880
3881
3882
3885
3886
3888
3889
3890
3892
3893
3894
3896
3897
3898
3901
3902
3904
3905
3906
3908
3909
3910
3912
3913
3914
3916
3918
3920
3921
3922
3924
3925
3926
3928
3929
3930
3932
3934
3936
3937
3938
3940
3941
3942
3944
3945
3946
3948
3950
3952
3953
3954
3956
3957
3958
3960
3961
3962
3964
3966
3968
3969
3970
3972
3973
3974
3976
3977
3978
3980
3981
3984
3985
3986
3988
3989
3990
3992
3993
3994
3996
3997
4000
4001
4002
4004
4005
4006
4008
4009
4010
4012
4013
4016
4017
4018
4020
4021
4022
4024
4025
4026
4028
4029
4032
4033
4034
4036
4037
4038
4040
4041
4042
4044
4045
4046
4048
4049
4050
4052
4053
4054
4056
4057
4058
4060
4061
4062
4064
4065
4066
4068
4069
4070
4072
4073
4074
4076
4077
4078
4080
4081
4082
4084
4085
4086
4088
4089
4090
4092
4093
4094